task1_precision:0.25667351129363447
task1_recall:0.49407114624505927
task1_f1:0.33783783783783783
